[gd_scene load_steps=6 format=3 uid="uid://sya83vg4qpuc"]

[ext_resource type="Script" path="res://WorldGenerator.cs" id="1_qy17g"]
[ext_resource type="Script" path="res://CameraControl.cs" id="2_4itei"]
[ext_resource type="Script" path="res://Player.cs" id="3_wmdso"]
[ext_resource type="Script" path="res://PlayerControl.cs" id="4_7afsn"]

[sub_resource type="StandardMaterial3D" id="StandardMaterial3D_msx4f"]
albedo_color = Color(0, 1, 0.25098, 1)
metallic = 0.81

[node name="Node3D" type="Node3D"]

[node name="WorldGenerator" type="Node3D" parent="."]
script = ExtResource("1_qy17g")

[node name="DirectionalLight3D" type="DirectionalLight3D" parent="."]
transform = Transform3D(1, 0, 0, 0, 0.172737, 0.984968, 0, -0.984968, 0.172737, 0, 4.62078, 0)

[node name="Camera" type="Node3D" parent="."]

[node name="Camera3D" type="Camera3D" parent="Camera"]
transform = Transform3D(-0.707107, -0.5, 0.5, 0, 0.707107, 0.707107, -0.707107, 0.5, -0.5, 6, 7.5, -6)
script = ExtResource("2_4itei")

[node name="Player" type="Node3D" parent="."]
transform = Transform3D(1, 0, 0, 0, 1, 0, 0, 0, 1, 4, 1, -4)
script = ExtResource("3_wmdso")

[node name="CSGCylinder3D" type="CSGCylinder3D" parent="Player"]
transform = Transform3D(1, 0, 0, 0, 0.950716, -0.310063, 0, 0.310063, 0.950716, 0, 0, 0)
height = 1.0
sides = 16
material = SubResource("StandardMaterial3D_msx4f")

[node name="Control" type="Control" parent="."]
layout_mode = 3
anchors_preset = 0
offset_right = 1154.0
offset_bottom = 650.0
script = ExtResource("4_7afsn")

[node name="Forward" type="Button" parent="Control"]
layout_mode = 0
offset_left = 970.0
offset_top = 528.0
offset_right = 1044.0
offset_bottom = 559.0
text = "Forward"

[node name="Backward" type="Button" parent="Control"]
offset_left = 966.0
offset_top = 604.0
offset_right = 1051.0
offset_bottom = 635.0
text = "Backward"

[node name="Left" type="Button" parent="Control"]
offset_left = 891.0
offset_top = 562.0
offset_right = 965.0
offset_bottom = 593.0
text = "Left"

[node name="Right" type="Button" parent="Control"]
offset_left = 1052.0
offset_top = 564.0
offset_right = 1126.0
offset_bottom = 595.0
text = "Right"

[node name="RotateLeft" type="Button" parent="Control"]
offset_left = 889.0
offset_top = 515.0
offset_right = 963.0
offset_bottom = 546.0
text = "Rotate L"

[node name="RotateRight" type="Button" parent="Control"]
offset_left = 1053.0
offset_top = 515.0
offset_right = 1127.0
offset_bottom = 546.0
text = "Rotate R"
